# x 	 y
0.000000000000000000e+00 1.206738494977703482e+02
1.010101010101010083e-01 1.203271097191037029e+02
2.020202020202020166e-01 1.194546636129095702e+02
3.030303030303030387e-01 1.177728328744287296e+02
4.040404040404040331e-01 1.149979391989020314e+02
5.050505050505050830e-01 1.108463042815702408e+02
6.060606060606060774e-01 1.050342498176742083e+02
7.070707070707070718e-01 9.727809750245474163e+01
8.080808080808080662e-01 8.729416903115264859e+01
9.090909090909090606e-01 7.479878609900872277e+01
1.010101010101010166e+00 5.950827040126377909e+01
1.111111111111111160e+00 4.113894363315866087e+01
1.212121212121212155e+00 1.940712748993416881e+01
1.313131313131313149e+00 -5.970856333168910623e+00
1.414141414141414144e+00 -3.527868614090972699e+01
1.515151515151515138e+00 -6.880004023804747249e+01
1.616161616161616132e+00 -1.068185969293413677e+02
1.717171717171717127e+00 -1.496180345195505765e+02
1.818181818181818121e+00 -1.974820313134342769e+02
1.919191919191919116e+00 -2.506942656157517035e+02
2.020202020202020332e+00 -3.095384157312621483e+02
2.121212121212121104e+00 -3.742981599647243911e+02
2.222222222222222321e+00 -4.452571766208982353e+02
2.323232323232323093e+00 -5.226991440045421768e+02
2.424242424242424310e+00 -6.069077404204159620e+02
2.525252525252525082e+00 -6.981666441732783142e+02
2.626262626262626299e+00 -7.967595335678889796e+02
2.727272727272727071e+00 -9.029700869090064543e+02
2.828282828282828287e+00 -1.017081982501391167e+03
2.929292929292929060e+00 -1.139378898649800476e+03
3.030303030303030276e+00 -1.270144513658995265e+03
3.131313131313131048e+00 -1.409662505833733348e+03
3.232323232323232265e+00 -1.558216553478775040e+03
3.333333333333333481e+00 -1.716090334898879291e+03
3.434343434343434254e+00 -1.883567528398804143e+03
3.535353535353535470e+00 -2.060931812283310592e+03
3.636363636363636243e+00 -2.248466864857155997e+03
3.737373737373737459e+00 -2.446456364425101583e+03
3.838383838383838231e+00 -2.655183989291904254e+03
3.939393939393939448e+00 -2.874933417762325462e+03
4.040404040404040664e+00 -3.105988328141123475e+03
4.141414141414140992e+00 -3.348632398733054742e+03
4.242424242424242209e+00 -3.603149307842883445e+03
4.343434343434343425e+00 -3.869822733775366487e+03
4.444444444444444642e+00 -4.148936354835263046e+03
4.545454545454544970e+00 -4.440773849327328207e+03
4.646464646464646187e+00 -4.745618895556329335e+03
4.747474747474747403e+00 -5.063755171827021513e+03
4.848484848484848619e+00 -5.395466356444163466e+03
4.949494949494949836e+00 -5.741036127712514826e+03
5.050505050505050164e+00 -6.100748163936831588e+03
5.151515151515151381e+00 -6.474886143421877932e+03
5.252525252525252597e+00 -6.863733744472413491e+03
5.353535353535353813e+00 -7.267574645393192441e+03
5.454545454545454142e+00 -7.686692524488975323e+03
5.555555555555555358e+00 -8.121371060064524499e+03
5.656565656565656575e+00 -8.571893930424599603e+03
5.757575757575757791e+00 -9.038544813873955718e+03
5.858585858585858119e+00 -9.521607388717351569e+03
5.959595959595959336e+00 -1.002136533325955133e+04
6.060606060606060552e+00 -1.053810232580531192e+04
6.161616161616161769e+00 -1.107210204465939205e+04
6.262626262626262097e+00 -1.162364816812654681e+04
6.363636363636363313e+00 -1.219302437451154219e+04
6.464646464646464530e+00 -1.278051434211913693e+04
6.565656565656565746e+00 -1.338640174925408792e+04
6.666666666666666963e+00 -1.401097027422115389e+04
6.767676767676767291e+00 -1.465450359532508628e+04
6.868686868686868507e+00 -1.531728539087066565e+04
6.969696969696969724e+00 -1.599959933916263071e+04
7.070707070707070940e+00 -1.670172911850575474e+04
7.171717171717171269e+00 -1.742395840720477645e+04
7.272727272727272485e+00 -1.816657088356448367e+04
7.373737373737373701e+00 -1.892985022588961510e+04
7.474747474747474918e+00 -1.971408011248493494e+04
7.575757575757575246e+00 -2.051954422165519645e+04
7.676767676767676463e+00 -2.134652623170517109e+04
7.777777777777777679e+00 -2.219530982093961575e+04
7.878787878787878896e+00 -2.306617866766328734e+04
7.979797979797979224e+00 -2.395941645018093186e+04
8.080808080808081328e+00 -2.487530684679734259e+04
8.181818181818181657e+00 -2.581413353581723277e+04
8.282828282828281985e+00 -2.677618019554538841e+04
8.383838383838384090e+00 -2.776173050428658462e+04
8.484848484848484418e+00 -2.877106814034554191e+04
8.585858585858586522e+00 -2.980447678202705720e+04
8.686868686868686851e+00 -3.086224010763585466e+04
8.787878787878787179e+00 -3.194464179547671665e+04
8.888888888888889284e+00 -3.305196552385440737e+04
8.989898989898989612e+00 -3.418449497107365460e+04
9.090909090909089940e+00 -3.534251381543924072e+04
9.191919191919192045e+00 -3.652630573525594082e+04
9.292929292929292373e+00 -3.773615440882847906e+04
9.393939393939394478e+00 -3.897234351446164510e+04
9.494949494949494806e+00 -4.023515673046017764e+04
9.595959595959595134e+00 -4.152487773512882995e+04
9.696969696969697239e+00 -4.284179020677239168e+04
9.797979797979797567e+00 -4.418617782369558699e+04
9.898989898989899672e+00 -4.555832426420322008e+04
1.000000000000000000e+01 -4.695851320659999328e+04
# By: Sheryl Avendaño
