# x 	 y
0.000000000000000000e+00 7.280953837600030005e+07
1.010101010101010083e-01 7.280953715389147401e+07
2.020202020202020166e-01 7.280953560117189586e+07
3.030303030303030387e-01 7.280953391291879117e+07
4.040404040404040331e-01 7.280953256158111989e+07
5.050505050505050830e-01 7.280953240988625586e+07
6.060606060606060774e-01 7.280953484105499089e+07
7.070707070707070718e-01 7.280954189823214710e+07
8.080808080808080662e-01 7.280955641763040423e+07
9.090909090909090606e-01 7.280958213247464597e+07
1.010101010101010166e+00 7.280962371742421389e+07
1.111111111111111160e+00 7.280968673574028909e+07
1.212121212121212155e+00 7.280977744405546784e+07
1.313131313131313149e+00 7.280990240219277143e+07
1.414141414141414144e+00 7.281006782807095349e+07
1.515151515151515138e+00 7.281027863032314181e+07
1.616161616161616132e+00 7.281053704384553432e+07
1.717171717171717127e+00 7.281084078608316183e+07
1.818181818181818121e+00 7.281118064444909990e+07
1.919191919191919116e+00 7.281153739786396921e+07
2.020202020202020332e+00 7.281187796799229085e+07
2.121212121212121104e+00 7.281215068834200501e+07
2.222222222222222321e+00 7.281227957198363543e+07
2.323232323232323093e+00 7.281215745123539865e+07
2.424242424242424310e+00 7.281163785525061190e+07
2.525252525252525082e+00 7.281052548403330147e+07
2.626262626262626299e+00 7.280856512999835610e+07
2.727272727272727071e+00 7.280542889078201354e+07
2.828282828282828287e+00 7.280070150959892571e+07
2.929292929292929060e+00 7.279386367203119397e+07
3.030303030303030276e+00 7.278427308072561026e+07
3.131313131313131048e+00 7.277114312206450105e+07
3.232323232323232265e+00 7.275351893146596849e+07
3.333333333333333481e+00 7.273025065655891597e+07
3.434343434343434254e+00 7.269996371006852388e+07
3.535353535353535470e+00 7.266102579683737457e+07
3.636363636363636243e+00 7.261151049199773371e+07
3.737373737373737459e+00 7.254915713990001380e+07
3.838383838383838231e+00 7.247132683599276841e+07
3.939393939393939448e+00 7.237495424643920362e+07
4.040404040404040664e+00 7.225649501284527779e+07
4.141414141414140992e+00 7.211186848206421733e+07
4.242424242424242209e+00 7.193639549363245070e+07
4.343434343434343425e+00 7.172473094998161495e+07
4.444444444444444642e+00 7.147079088716137409e+07
4.545454545454544970e+00 7.116767375639775395e+07
4.646464646464646187e+00 7.080757561940135062e+07
4.747474747474747403e+00 7.038169895293013752e+07
4.848484848484848619e+00 6.988015475070106983e+07
4.949494949494949836e+00 6.929185760333482921e+07
5.050505050505050164e+00 6.860441342960806191e+07
5.151515151515151381e+00 6.780399952487719059e+07
5.252525252525252597e+00 6.687523658512781560e+07
5.353535353535353813e+00 6.580105235769394040e+07
5.454545454545454142e+00 6.456253656228067726e+07
5.555555555555555358e+00 6.313878671851449460e+07
5.656565656565656575e+00 6.150674450883473456e+07
5.757575757575757791e+00 5.964102229813005775e+07
5.858585858585858119e+00 5.751371942411346734e+07
5.959595959595959336e+00 5.509422786501944065e+07
6.060606060606060552e+00 5.234902688379679620e+07
6.161616161616161769e+00 4.924146624056042731e+07
6.262626262626262097e+00 4.573153755765542388e+07
6.363636363636363313e+00 4.177563341427665949e+07
6.464646464646464530e+00 3.732629374017732590e+07
6.565656565656565746e+00 3.233193907058913261e+07
6.666666666666666963e+00 2.673659021706730872e+07
6.767676767676767291e+00 2.047957390156353265e+07
6.868686868686868507e+00 1.349521389361914247e+07
6.969696969696969724e+00 5.712507183162420988e+06
7.070707070707070940e+00 -2.945215286018714309e+06
7.171717171717171269e+00 -1.256064380446487665e+07
7.272727272727272485e+00 -2.322286149664239585e+07
7.373737373737373701e+00 -3.502773282910607755e+07
7.474747474747474918e+00 -4.807830953179661930e+07
7.575757575757575246e+00 -6.248525444444885850e+07
7.676767676767676463e+00 -7.836728380750006437e+07
7.777777777777777679e+00 -9.585162852429413795e+07
7.878787878787878896e+00 -1.150745149287922680e+08
7.979797979797979224e+00 -1.361816656004048586e+08
8.080808080808081328e+00 -1.593288207749772966e+08
8.181818181818181657e+00 -1.846822809083600640e+08
8.282828282828281985e+00 -2.124194709564226568e+08
8.383838383838384090e+00 -2.427295269427585304e+08
8.484848484848484418e+00 -2.758139053927534819e+08
8.585858585858586522e+00 -3.118870162201025486e+08
8.686868686868686851e+00 -3.511768796592490673e+08
8.787878787878787179e+00 -3.939258078446630239e+08
8.888888888888889284e+00 -4.403911116452510357e+08
8.989898989898989612e+00 -4.908458333696216345e+08
9.090909090909089940e+00 -5.455795059653469324e+08
9.191919191919192045e+00 -6.048989393427385092e+08
9.292929292929292373e+00 -6.691290344610989094e+08
9.393939393939394478e+00 -7.386136258228131533e+08
9.494949494949494806e+00 -8.137163530280306339e+08
9.595959595959595134e+00 -8.948215620501418114e+08
9.696969696969697239e+00 -9.823352368996149302e+08
9.797979797979797567e+00 -1.076685962351199865e+09
9.898989898989899672e+00 -1.178325918416932106e+09
1.000000000000000000e+01 -1.287731907254702091e+09
# By: Sheryl Avendaño
