# x 	 y
0.000000000000000000e+00 8.175483647085397934e+03
1.010101010101010083e-01 8.174744413004533271e+03
2.020202020202020166e-01 8.174152152161730555e+03
3.030303030303030387e-01 8.173927568257636267e+03
4.040404040404040331e-01 8.174291364992899616e+03
5.050505050505050830e-01 8.175464246068169814e+03
6.060606060606060774e-01 8.177666915184093341e+03
7.070707070707070718e-01 8.181120076041319408e+03
8.080808080808080662e-01 8.186044432340496314e+03
9.090909090909090606e-01 8.192660687782272362e+03
1.010101010101010166e+00 8.201189546067296760e+03
1.111111111111111160e+00 8.211851710896216900e+03
1.212121212121212155e+00 8.224867885969681083e+03
1.313131313131313149e+00 8.240458774988339428e+03
1.414141414141414144e+00 8.258845081652836598e+03
1.515151515151515138e+00 8.280247509663824530e+03
1.616161616161616132e+00 8.304886762721949708e+03
1.717171717171717127e+00 8.332983544527862250e+03
1.818181818181818121e+00 8.364758558782206819e+03
1.919191919191919116e+00 8.400432509185637173e+03
2.020202020202020332e+00 8.440226099438796155e+03
2.121212121212121104e+00 8.484360033242335703e+03
2.222222222222222321e+00 8.533055014296904119e+03
2.323232323232323093e+00 8.586531746303147884e+03
2.424242424242424310e+00 8.645010932961717117e+03
2.525252525252525082e+00 8.708713277973258300e+03
2.626262626262626299e+00 8.777859485038419734e+03
2.727272727272727071e+00 8.852670257857853358e+03
2.828282828282828287e+00 8.933366300132203833e+03
2.929292929292929060e+00 9.020168315562119460e+03
3.030303030303030276e+00 9.113297007848252179e+03
3.131313131313131048e+00 9.212973080691246651e+03
3.232323232323232265e+00 9.319417237791752996e+03
3.333333333333333481e+00 9.432850182850419515e+03
3.434343434343434254e+00 9.553492619567892689e+03
3.535353535353535470e+00 9.681565251644824457e+03
3.636363636363636243e+00 9.817288782781859481e+03
3.737373737373737459e+00 9.960883916679649701e+03
3.838383838383838231e+00 1.011257135703883978e+04
3.939393939393939448e+00 1.027257180756008165e+04
4.040404040404040664e+00 1.044110597194401998e+04
4.141414141414140992e+00 1.061839455389130489e+04
4.242424242424242209e+00 1.080465825710258468e+04
4.343434343434343425e+00 1.100011778527850947e+04
4.444444444444444642e+00 1.120499384211972574e+04
4.545454545454544970e+00 1.141950713132687997e+04
4.646464646464646187e+00 1.164387835660062410e+04
4.747474747474747403e+00 1.187832822164160643e+04
4.848484848484848619e+00 1.212307743015047345e+04
4.949494949494949836e+00 1.237834668582787344e+04
5.050505050505050164e+00 1.264435669237445472e+04
5.151515151515151381e+00 1.292132815349086741e+04
5.252525252525252597e+00 1.320948177287775798e+04
5.353535353535353813e+00 1.350903825423577655e+04
5.454545454545454142e+00 1.382021830126556597e+04
5.555555555555555358e+00 1.414324261766778363e+04
5.656565656565656575e+00 1.447833190714307420e+04
5.757575757575757791e+00 1.482570687339208234e+04
5.858585858585858119e+00 1.518558822011545817e+04
5.959595959595959336e+00 1.555819665101385363e+04
6.060606060606060552e+00 1.594375286978791337e+04
6.161616161616161769e+00 1.634247758013828934e+04
6.262626262626262097e+00 1.675459148576562075e+04
6.363636363636363313e+00 1.718031529037056680e+04
6.464646464646464530e+00 1.761986969765377580e+04
6.565656565656565746e+00 1.807347541131588514e+04
6.666666666666666963e+00 1.854135313505755767e+04
6.767676767676767291e+00 1.902372357257942349e+04
6.868686868686868507e+00 1.952080742758214910e+04
6.969696969696969724e+00 2.003282540376637917e+04
7.070707070707070940e+00 2.055999820483275107e+04
7.171717171717171269e+00 2.110254653448191675e+04
7.272727272727272485e+00 2.166069109641453542e+04
7.373737373737373701e+00 2.223465259433125175e+04
7.474747474747474918e+00 2.282465173193270311e+04
7.575757575757575246e+00 2.343090921291954874e+04
7.676767676767676463e+00 2.405364574099242964e+04
7.777777777777777679e+00 2.469308201985200139e+04
7.878787878787878896e+00 2.534943875319891231e+04
7.979797979797979224e+00 2.602293664473379613e+04
8.080808080808081328e+00 2.671379639815733390e+04
8.181818181818181657e+00 2.742223871717012662e+04
8.282828282828281985e+00 2.814848430547285534e+04
8.383838383838384090e+00 2.889275386676617927e+04
8.484848484848484418e+00 2.965526810475070670e+04
8.585858585858586522e+00 3.043624772312712594e+04
8.686868686868686851e+00 3.123591342559605255e+04
8.787878787878787179e+00 3.205448591585815302e+04
8.888888888888889284e+00 3.289218589761408657e+04
8.989898989898989612e+00 3.374923407456447603e+04
9.090909090909089940e+00 3.462585115040998062e+04
9.191919191919192045e+00 3.552225782885126682e+04
9.292929292929292373e+00 3.643867481358893565e+04
9.393939393939394478e+00 3.737532280832369725e+04
9.494949494949494806e+00 3.833242251675614534e+04
9.595959595959595134e+00 3.931019464258696098e+04
9.696969696969697239e+00 4.030885988951678883e+04
9.797979797979797567e+00 4.132863896124625899e+04
9.898989898989899672e+00 4.236975256147604523e+04
1.000000000000000000e+01 4.343242139390676311e+04
# By: Sheryl Avendaño
