# x 	 y
0.000000000000000000e+00 1.135523135386695940e+05
1.010101010101010083e-01 1.135430945008092967e+05
2.020202020202020166e-01 1.135340302356824686e+05
3.030303030303030387e-01 1.135250312870072812e+05
4.040404040404040331e-01 1.135160690062671783e+05
5.050505050505050830e-01 1.135071821539666853e+05
6.060606060606060774e-01 1.134984835008871451e+05
7.070707070707070718e-01 1.134901664293426002e+05
8.080808080808080662e-01 1.134825115344355727e+05
9.090909090909090606e-01 1.134758932253128296e+05
1.010101010101010166e+00 1.134707863264212792e+05
1.111111111111111160e+00 1.134677726787636639e+05
1.212121212121212155e+00 1.134675477411544562e+05
1.313131313131313149e+00 1.134709271914755955e+05
1.414141414141414144e+00 1.134788535279323696e+05
1.515151515151515138e+00 1.134924026703091658e+05
1.616161616161616132e+00 1.135127905612252507e+05
1.717171717171717127e+00 1.135413797673906374e+05
1.818181818181818121e+00 1.135796860808618949e+05
1.919191919191919116e+00 1.136293851202978549e+05
2.020202020202020332e+00 1.136923189322155667e+05
2.121212121212121104e+00 1.137705025922459463e+05
2.222222222222222321e+00 1.138661308063897159e+05
2.323232323232323093e+00 1.139815845122730971e+05
2.424242424242424310e+00 1.141194374804037070e+05
2.525252525252525082e+00 1.142824629154263093e+05
2.626262626262626299e+00 1.144736400573786523e+05
2.727272727272727071e+00 1.146961607829472341e+05
2.828282828282828287e+00 1.149534362067231268e+05
2.929292929292929060e+00 1.152491032824578142e+05
3.030303030303030276e+00 1.155870314043189574e+05
3.131313131313131048e+00 1.159713290081461746e+05
3.232323232323232265e+00 1.164063501727069524e+05
3.333333333333333481e+00 1.168967012209523091e+05
3.434343434343434254e+00 1.174472473212727200e+05
3.535353535353535470e+00 1.180631190887538687e+05
3.636363636363636243e+00 1.187497191864324122e+05
3.737373737373737459e+00 1.195127289265519066e+05
3.838383838383838231e+00 1.203581148718184704e+05
3.939393939393939448e+00 1.212921354366567102e+05
4.040404040404040664e+00 1.223213474884654279e+05
4.141414141414140992e+00 1.234526129488734732e+05
4.242424242424242209e+00 1.246931053949955822e+05
4.343434343434343425e+00 1.260503166606881277e+05
4.444444444444444642e+00 1.275320634378049435e+05
4.545454545454544970e+00 1.291464938774530892e+05
4.646464646464646187e+00 1.309020941912487760e+05
4.747474747474747403e+00 1.328076952525730303e+05
4.848484848484848619e+00 1.348724791978275753e+05
4.949494949494949836e+00 1.371059860276906111e+05
5.050505050505050164e+00 1.395181202083726530e+05
5.151515151515151381e+00 1.421191572728722822e+05
5.252525252525252597e+00 1.449197504222319985e+05
5.353535353535353813e+00 1.479309371267940151e+05
5.454545454545454142e+00 1.511641457274560526e+05
5.555555555555555358e+00 1.546312020369271631e+05
5.656565656565656575e+00 1.583443359409834666e+05
5.757575757575757791e+00 1.623161879997240612e+05
5.858585858585858119e+00 1.665598160488267313e+05
5.959595959595959336e+00 1.710887018008039449e+05
6.060606060606060552e+00 1.759167574462582706e+05
6.161616161616161769e+00 1.810583322551386373e+05
6.262626262626262097e+00 1.865282191779957502e+05
6.363636363636363313e+00 1.923416614472382935e+05
6.464646464646464530e+00 1.985143591783882584e+05
6.565656565656565746e+00 2.050624759713372623e+05
6.666666666666666963e+00 2.120026455116018769e+05
6.767676767676767291e+00 2.193519781715797144e+05
6.868686868686868507e+00 2.271280676118053088e+05
6.969696969696969724e+00 2.353489973822056782e+05
7.070707070707070940e+00 2.440333475233561767e+05
7.171717171717171269e+00 2.532002011677362898e+05
7.272727272727272485e+00 2.628691511409858358e+05
7.373737373737373701e+00 2.730603065631602658e+05
7.474747474747474918e+00 2.837942994499864290e+05
7.575757575757575246e+00 2.950922913141187746e+05
7.676767676767676463e+00 3.069759797663952340e+05
7.777777777777777679e+00 3.194676051170923747e+05
7.878787878787878896e+00 3.325899569771817769e+05
7.979797979797979224e+00 3.463663808595854789e+05
8.080808080808081328e+00 3.608207847804325866e+05
8.181818181818181657e+00 3.759776458603132633e+05
8.282828282828281985e+00 3.918620169255369692e+05
8.383838383838384090e+00 4.084995331093866262e+05
8.484848484848484418e+00 4.259164184533741209e+05
8.585858585858586522e+00 4.441394925084982533e+05
8.686868686868686851e+00 4.631961769364972133e+05
8.787878787878787179e+00 4.831145021111081005e+05
8.888888888888889284e+00 5.039231137193200411e+05
8.989898989898989612e+00 5.256512793626303319e+05
9.090909090909089940e+00 5.483288951583019225e+05
9.191919191919192045e+00 5.719864923406178132e+05
9.292929292929292373e+00 5.966552438621358015e+05
9.393939393939394478e+00 6.223669709949474782e+05
9.494949494949494806e+00 6.491541499319304712e+05
9.595959595959595134e+00 6.770499183880074415e+05
9.696969696969697239e+00 7.060880822013997240e+05
9.797979797979797567e+00 7.363031219348829472e+05
9.898989898989899672e+00 7.677301994770454476e+05
1.000000000000000000e+01 8.004051646435403964e+05
# By: Sheryl Avendaño
