# x 	 y
0.000000000000000000e+00 1.149571714165872072e+04
1.010101010101010083e-01 1.150110836723038847e+04
2.020202020202020166e-01 1.150739739536202796e+04
3.030303030303030387e-01 1.151425720184310012e+04
4.040404040404040331e-01 1.152136076246305856e+04
5.050505050505050830e-01 1.152838105301136056e+04
6.060606060606060774e-01 1.153499104927746703e+04
7.070707070707070718e-01 1.154086372705083159e+04
8.080808080808080662e-01 1.154567206212091332e+04
9.090909090909090606e-01 1.154908903027716769e+04
1.010101010101010166e+00 1.155078760730905378e+04
1.111111111111111160e+00 1.155044076900602886e+04
1.212121212121212155e+00 1.154772149115754837e+04
1.313131313131313149e+00 1.154230274955307141e+04
1.414141414141414144e+00 1.153385751998205342e+04
1.515151515151515138e+00 1.152205877823395349e+04
1.616161616161616132e+00 1.150657950009822707e+04
1.717171717171717127e+00 1.148709266136433325e+04
1.818181818181818121e+00 1.146327123782172930e+04
1.919191919191919116e+00 1.143478820525986885e+04
2.020202020202020332e+00 1.140131653946821461e+04
2.121212121212121104e+00 1.136252921623621842e+04
2.222222222222222321e+00 1.131809921135334116e+04
2.323232323232323093e+00 1.126769950060904011e+04
2.424242424242424310e+00 1.121100305979276891e+04
2.525252525252525082e+00 1.114768286469398845e+04
2.626262626262626299e+00 1.107741189110215601e+04
2.727272727272727071e+00 1.099986311480672521e+04
2.828282828282828287e+00 1.091470951159715696e+04
2.929292929292929060e+00 1.082162405726290672e+04
3.030303030303030276e+00 1.072027972759343356e+04
3.131313131313131048e+00 1.061034949837819295e+04
3.232323232323232265e+00 1.049150634540664032e+04
3.333333333333333481e+00 1.036342324446823659e+04
3.434343434343434254e+00 1.022577317135243720e+04
3.535353535353535470e+00 1.007822910184869943e+04
3.636363636363636243e+00 9.920464011746480537e+03
3.737373737373737459e+00 9.752150876835239615e+03
3.838383838383838231e+00 9.572962672904432111e+03
3.939393939393939448e+00 9.382572375743511657e+03
4.040404040404040664e+00 9.180652961141942797e+03
4.141414141414140992e+00 8.966877404889179161e+03
4.242424242424242209e+00 8.740918682774678018e+03
4.343434343434343425e+00 8.502449770587894818e+03
4.444444444444444642e+00 8.251143644118288648e+03
4.545454545454544970e+00 7.986673279155318596e+03
4.646464646464646187e+00 7.708711651488438292e+03
4.747474747474747403e+00 7.416931736907106824e+03
4.848484848484848619e+00 7.111006511200780551e+03
4.949494949494949836e+00 6.790608950158916741e+03
5.050505050505050164e+00 6.455412029570977211e+03
5.151515151515151381e+00 6.105088725226411043e+03
5.252525252525252597e+00 5.739312012914681873e+03
5.353535353535353813e+00 5.357754868425244240e+03
5.454545454545454142e+00 4.960090267547558142e+03
5.555555555555555358e+00 4.545991186071075390e+03
5.656565656565656575e+00 4.115130599785256891e+03
5.757575757575757791e+00 3.667181484479558094e+03
5.858585858585858119e+00 3.201816815943440815e+03
5.959595959595959336e+00 2.718709569966356867e+03
6.060606060606060552e+00 2.217532722337766245e+03
6.161616161616161769e+00 1.697959248847122581e+03
6.262626262626262097e+00 1.159662125283892237e+03
6.363636363636363313e+00 6.023143274375215697e+02
6.464646464646464530e+00 2.558883109747148410e+01
6.565656565656565746e+00 -5.708413879468007508e+02
6.666666666666666963e+00 -1.187303353905834228e+03
6.767676767676767291e+00 -1.824124090990169861e+03
6.868686868686868507e+00 -2.481630623410359476e+03
6.969696969696969724e+00 -3.160149975376943985e+03
7.070707070707070940e+00 -3.860009171100462481e+03
7.171717171717171269e+00 -4.581535234791452240e+03
7.272727272727272485e+00 -5.325055190660468725e+03
7.373737373737373701e+00 -6.090896062918049211e+03
7.474747474747474918e+00 -6.879384875774734610e+03
7.575757575757575246e+00 -7.690848653441064016e+03
7.676767676767676463e+00 -8.525614420127587437e+03
7.777777777777777679e+00 -9.384009200044851241e+03
7.878787878787878896e+00 -1.026636001740339088e+04
7.979797979797979224e+00 -1.117299389641374182e+04
8.080808080808081328e+00 -1.210423786128647225e+04
8.181818181818181657e+00 -1.306041893623208853e+04
8.282828282828281985e+00 -1.404186414546115520e+04
8.383838383838384090e+00 -1.504890051318422957e+04
8.484848484848484418e+00 -1.608185506361182161e+04
8.585858585858586522e+00 -1.714105482095450861e+04
8.686868686868686851e+00 -1.822682680942278967e+04
8.787878787878787179e+00 -1.933949805322724569e+04
8.888888888888889284e+00 -2.047939557657841942e+04
8.989898989898989612e+00 -2.164684640368681721e+04
9.090909090909089940e+00 -2.284217755876300362e+04
9.191919191919192045e+00 -2.406571606601755047e+04
9.292929292929292373e+00 -2.531778894966094958e+04
9.393939393939394478e+00 -2.659872323390378733e+04
9.494949494949494806e+00 -2.790884594295657007e+04
9.595959595959595134e+00 -2.924848410102984781e+04
9.696969696969697239e+00 -3.061796473233420693e+04
9.797979797979797567e+00 -3.201761486108012468e+04
9.898989898989899672e+00 -3.344776151147820929e+04
1.000000000000000000e+01 -3.490873170773893798e+04
# By: Sheryl Avendaño
