# x 	 y
0.000000000000000000e+00 5.127349548409408890e+06
1.010101010101010083e-01 5.127347610081760213e+06
2.020202020202020166e-01 5.127346473484179005e+06
3.030303030303030387e-01 5.127346476185702719e+06
4.040404040404040331e-01 5.127348014774035662e+06
5.050505050505050830e-01 5.127351603068414144e+06
6.060606060606060774e-01 5.127357948085957207e+06
7.070707070707070718e-01 5.127368043761491776e+06
8.080808080808080662e-01 5.127383282420853153e+06
9.090909090909090606e-01 5.127405584007673897e+06
1.010101010101010166e+00 5.127437543063644320e+06
1.111111111111111160e+00 5.127482593462253921e+06
1.212121212121212155e+00 5.127545190896011889e+06
1.313131313131313149e+00 5.127631013117151335e+06
1.414141414141414144e+00 5.127747177931799553e+06
1.515151515151515138e+00 5.127902478947646916e+06
1.616161616161616132e+00 5.128107639075073414e+06
1.717171717171717127e+00 5.128375581781772897e+06
1.818181818181818121e+00 5.128721720100843348e+06
1.919191919191919116e+00 5.129164263392362744e+06
2.020202020202020332e+00 5.129724541858441196e+06
2.121212121212121104e+00 5.130427348811754957e+06
2.222222222222222321e+00 5.131301300697556697e+06
2.323232323232323093e+00 5.132379214869165793e+06
2.424242424242424310e+00 5.133698505116935819e+06
2.525252525252525082e+00 5.135301594950706698e+06
2.626262626262626299e+00 5.137236348635730334e+06
2.727272727272727071e+00 5.139556519982075319e+06
2.828282828282828287e+00 5.142322218887514435e+06
2.929292929292929060e+00 5.145600395633889362e+06
3.030303030303030276e+00 5.149465342936953530e+06
3.131313131313131048e+00 5.153999215749692172e+06
3.232323232323232265e+00 5.159292568819131702e+06
3.333333333333333481e+00 5.165444911996609531e+06
3.434343434343434254e+00 5.172565283301544376e+06
3.535353535353535470e+00 5.180772839738666080e+06
3.636363636363636243e+00 5.190197465868740343e+06
3.737373737373737459e+00 5.200980400132761337e+06
3.838383838383838231e+00 5.213274878929628991e+06
3.939393939393939448e+00 5.227246798447304405e+06
4.040404040404040664e+00 5.243075394247442484e+06
4.141414141414140992e+00 5.260953938603505492e+06
4.242424242424242209e+00 5.281090455592356622e+06
4.343434343434343425e+00 5.303708453939327970e+06
4.444444444444444642e+00 5.329047677616774105e+06
4.545454545454544970e+00 5.357364874196097255e+06
4.646464646464646187e+00 5.388934580953259952e+06
4.747474747474747403e+00 5.424049928727768362e+06
4.848484848484848619e+00 5.463023463535140269e+06
4.949494949494949836e+00 5.506187985932852142e+06
5.050505050505050164e+00 5.553897408139759675e+06
5.151515151515151381e+00 5.606527628909002990e+06
5.252525252525252597e+00 5.664477426154390909e+06
5.353535353535353813e+00 5.728169367330258712e+06
5.454545454545454142e+00 5.798050737564811483e+06
5.555555555555555358e+00 5.874594485546943732e+06
5.656565656565656575e+00 5.958300187166535296e+06
5.757575757575757791e+00 6.049695026908230968e+06
5.858585858585858119e+00 6.149334796998696402e+06
5.959595959595959336e+00 6.257804914307356812e+06
6.060606060606060552e+00 6.375721455000605434e+06
6.161616161616161769e+00 6.503732206949504092e+06
6.262626262626262097e+00 6.642517739890948869e+06
6.363636363636363313e+00 6.792792493342331611e+06
6.464646464646464530e+00 6.955305882269660011e+06
6.565656565656565746e+00 7.130843420509175397e+06
6.666666666666666963e+00 7.320227861942438409e+06
6.767676767676767291e+00 7.524320359424893744e+06
6.868686868686868507e+00 7.744021641467928886e+06
6.969696969696969724e+00 7.980273206674387679e+06
7.070707070707070940e+00 8.234058535927576944e+06
7.171717171717171269e+00 8.506404322333756834e+06
7.272727272727272485e+00 8.798381718918105587e+06
7.373737373737373701e+00 9.111107604074150324e+06
7.474747474747474918e+00 9.445745864766694605e+06
7.575757575757575246e+00 9.803508697488220409e+06
7.676767676767676463e+00 1.018565792696877569e+07
7.777777777777777679e+00 1.059350634263930842e+07
7.878787878787878896e+00 1.102841905284852907e+07
7.979797979797979224e+00 1.149181485683320649e+07
8.080808080808081328e+00 1.198516763444199786e+07
8.181818181818181657e+00 1.251000775361265987e+07
8.282828282828281985e+00 1.306792349560287409e+07
8.383838383838384090e+00 1.366056249797445163e+07
8.484848484848484418e+00 1.428963321533100121e+07
8.585858585858586522e+00 1.495690639780920744e+07
8.686868686868686851e+00 1.566421658732340112e+07
8.787878787878787179e+00 1.641346363156379946e+07
8.888888888888889284e+00 1.720661421574809402e+07
8.989898989898989612e+00 1.804570341212651879e+07
9.090909090909089940e+00 1.893283624724050611e+07
9.191919191919192045e+00 1.987018928693473712e+07
9.292929292929292373e+00 2.086001223912259936e+07
9.393939393939394478e+00 2.190462957430536300e+07
9.494949494949494806e+00 2.300644216384451836e+07
9.595959595959595134e+00 2.416792893598790467e+07
9.696969696969697239e+00 2.539164854964908212e+07
9.797979797979797567e+00 2.668024108594024926e+07
9.898989898989899672e+00 2.803642975745878369e+07
1.000000000000000000e+01 2.946302263532697409e+07
# By: Sheryl Avendaño
