28.692867 69.000000
29.004085 71.224490
29.315304 73.448980
29.626522 75.673469
29.937741 77.897959
30.248959 80.122449
30.560178 82.346939
30.871396 84.571429
31.182615 86.795918
31.493833 89.020408
31.805052 91.244898
32.116270 93.469388
32.427489 95.693878
32.738708 97.918367
33.049926 100.142857
33.361145 102.367347
33.672363 104.591837
33.983582 106.816327
34.294800 109.040816
34.606019 111.265306
34.917237 113.489796
35.228456 115.714286
35.539674 117.938776
35.850893 120.163265
36.162111 122.387755
36.473330 124.612245
36.784548 126.836735
37.095767 129.061224
37.406985 131.285714
37.718204 133.510204
38.029422 135.734694
38.340641 137.959184
38.651859 140.183673
38.963078 142.408163
39.274296 144.632653
39.585515 146.857143
39.896734 149.081633
40.207952 151.306122
40.519171 153.530612
40.830389 155.755102
41.141608 157.979592
41.452826 160.204082
41.764045 162.428571
42.075263 164.653061
42.386482 166.877551
42.697700 169.102041
43.008919 171.326531
43.320137 173.551020
43.631356 175.775510
43.942574 178.000000
