1740.020150 34.000000
1837.028505 35.938776
1934.036859 37.877551
2031.045214 39.816327
2128.053568 41.755102
2225.061923 43.693878
2322.070277 45.632653
2419.078632 47.571429
2516.086987 49.510204
2613.095341 51.448980
2710.103696 53.387755
2807.112050 55.326531
2904.120405 57.265306
3001.128760 59.204082
3098.137114 61.142857
3195.145469 63.081633
3292.153823 65.020408
3389.162178 66.959184
3486.170532 68.897959
3583.178887 70.836735
3680.187242 72.775510
3777.195596 74.714286
3874.203951 76.653061
3971.212305 78.591837
4068.220660 80.530612
4165.229015 82.469388
4262.237369 84.408163
4359.245724 86.346939
4456.254078 88.285714
4553.262433 90.224490
4650.270787 92.163265
4747.279142 94.102041
4844.287497 96.040816
4941.295851 97.979592
5038.304206 99.918367
5135.312560 101.857143
5232.320915 103.795918
5329.329270 105.734694
5426.337624 107.673469
5523.345979 109.612245
5620.354333 111.551020
5717.362688 113.489796
5814.371042 115.428571
5911.379397 117.367347
6008.387752 119.306122
6105.396106 121.244898
6202.404461 123.183673
6299.412815 125.122449
6396.421170 127.061224
6493.429525 129.000000
