4946.641021 99.000000
4954.775589 99.163265
4962.910157 99.326531
4971.044725 99.489796
4979.179293 99.653061
4987.313861 99.816327
4995.448429 99.979592
5003.582997 100.142857
5011.717565 100.306122
5019.852133 100.469388
5027.986701 100.632653
5036.121269 100.795918
5044.255837 100.959184
5052.390405 101.122449
5060.524973 101.285714
5068.659541 101.448980
5076.794109 101.612245
5084.928677 101.775510
5093.063245 101.938776
5101.197813 102.102041
5109.332381 102.265306
5117.466949 102.428571
5125.601517 102.591837
5133.736085 102.755102
5141.870653 102.918367
5150.005221 103.081633
5158.139789 103.244898
5166.274357 103.408163
5174.408925 103.571429
5182.543493 103.734694
5190.678061 103.897959
5198.812629 104.061224
5206.947197 104.224490
5215.081765 104.387755
5223.216333 104.551020
5231.350901 104.714286
5239.485469 104.877551
5247.620037 105.040816
5255.754605 105.204082
5263.889173 105.367347
5272.023741 105.530612
5280.158309 105.693878
5288.292877 105.857143
5296.427445 106.020408
5304.562013 106.183673
5312.696581 106.346939
5320.831149 106.510204
5328.965717 106.673469
5337.100285 106.836735
5345.234853 107.000000
