50.091907 37.000000
52.771239 39.714286
55.450571 42.428571
58.129904 45.142857
60.809236 47.857143
63.488568 50.571429
66.167900 53.285714
68.847233 56.000000
71.526565 58.714286
74.205897 61.428571
76.885229 64.142857
79.564562 66.857143
82.243894 69.571429
84.923226 72.285714
87.602558 75.000000
90.281891 77.714286
92.961223 80.428571
95.640555 83.142857
98.319887 85.857143
100.999219 88.571429
103.678552 91.285714
106.357884 94.000000
109.037216 96.714286
111.716548 99.428571
114.395881 102.142857
117.075213 104.857143
119.754545 107.571429
122.433877 110.285714
125.113210 113.000000
127.792542 115.714286
130.471874 118.428571
133.151206 121.142857
135.830539 123.857143
138.509871 126.571429
141.189203 129.285714
143.868535 132.000000
146.547868 134.714286
149.227200 137.428571
151.906532 140.142857
154.585864 142.857143
157.265197 145.571429
159.944529 148.285714
162.623861 151.000000
165.303193 153.714286
167.982526 156.428571
170.661858 159.142857
173.341190 161.857143
176.020522 164.571429
178.699854 167.285714
181.379187 170.000000
