2166.719855 62.000000
2248.985477 64.428571
2331.251100 66.857143
2413.516722 69.285714
2495.782345 71.714286
2578.047967 74.142857
2660.313590 76.571429
2742.579212 79.000000
2824.844835 81.428571
2907.110458 83.857143
2989.376080 86.285714
3071.641703 88.714286
3153.907325 91.142857
3236.172948 93.571429
3318.438570 96.000000
3400.704193 98.428571
3482.969815 100.857143
3565.235438 103.285714
3647.501061 105.714286
3729.766683 108.142857
3812.032306 110.571429
3894.297928 113.000000
3976.563551 115.428571
4058.829173 117.857143
4141.094796 120.285714
4223.360418 122.714286
4305.626041 125.142857
4387.891664 127.571429
4470.157286 130.000000
4552.422909 132.428571
4634.688531 134.857143
4716.954154 137.285714
4799.219776 139.714286
4881.485399 142.142857
4963.751021 144.571429
5046.016644 147.000000
5128.282267 149.428571
5210.547889 151.857143
5292.813512 154.285714
5375.079134 156.714286
5457.344757 159.142857
5539.610379 161.571429
5621.876002 164.000000
5704.141624 166.428571
5786.407247 168.857143
5868.672870 171.285714
5950.938492 173.714286
6033.204115 176.142857
6115.469737 178.571429
6197.735360 181.000000
