3168.959606 66.000000
3260.200421 67.938776
3351.441236 69.877551
3442.682051 71.816327
3533.922866 73.755102
3625.163681 75.693878
3716.404496 77.632653
3807.645311 79.571429
3898.886127 81.510204
3990.126942 83.448980
4081.367757 85.387755
4172.608572 87.326531
4263.849387 89.265306
4355.090202 91.204082
4446.331017 93.142857
4537.571832 95.081633
4628.812647 97.020408
4720.053462 98.959184
4811.294277 100.897959
4902.535092 102.836735
4993.775907 104.775510
5085.016722 106.714286
5176.257537 108.653061
5267.498352 110.591837
5358.739167 112.530612
5449.979982 114.469388
5541.220797 116.408163
5632.461613 118.346939
5723.702428 120.285714
5814.943243 122.224490
5906.184058 124.163265
5997.424873 126.102041
6088.665688 128.040816
6179.906503 129.979592
6271.147318 131.918367
6362.388133 133.857143
6453.628948 135.795918
6544.869763 137.734694
6636.110578 139.673469
6727.351393 141.612245
6818.592208 143.551020
6909.833023 145.489796
7001.073838 147.428571
7092.314653 149.367347
7183.555468 151.306122
7274.796283 153.244898
7366.037098 155.183673
7457.277914 157.122449
7548.518729 159.061224
7639.759544 161.000000
